,year,month_number,temperature
0,2023,12,0.6638150811195374
1,2024,1,0.5850739479064941
2,2024,2,0.5790866613388062
3,2024,3,0.39315471053123474
4,2024,4,0.4811791181564331
5,2024,5,0.5619343519210815
6,2024,6,0.6307188868522644
7,2024,7,0.9953996539115906
8,2024,8,0.9566917419433594
9,2024,9,0.9242691993713379
10,2024,10,0.5603588223457336
11,2024,11,0.6275557279586792
12,2033,12,0.7912317514419556
13,2034,1,0.8649886846542358
14,2034,2,0.7390141487121582
15,2034,3,0.4939080476760864
16,2034,4,0.6238689422607422
17,2034,5,0.7942039370536804
18,2034,6,0.7154543995857239
19,2034,7,1.1946414709091187
20,2034,8,1.3121423721313477
21,2034,9,1.1763620376586914
22,2034,10,0.7610546946525574
23,2034,11,0.8105413317680359
24,2043,12,1.090079426765442
25,2044,1,1.1203052997589111
26,2044,2,1.0157803297042847
27,2044,3,0.7482112646102905
28,2044,4,0.7662361860275269
29,2044,5,1.0511136054992676
30,2044,6,1.000299334526062
31,2044,7,1.519272804260254
32,2044,8,1.6238802671432495
33,2044,9,1.5166438817977905
34,2044,10,0.9906829595565796
35,2044,11,0.9433640837669373
36,2053,12,1.290245771408081
37,2054,1,1.3014754056930542
38,2054,2,1.2123979330062866
39,2054,3,0.9785963296890259
40,2054,4,0.9554184675216675
41,2054,5,1.3353303670883179
42,2054,6,1.3315330743789673
43,2054,7,1.9357985258102417
44,2054,8,1.9490259885787964
45,2054,9,1.871983528137207
46,2054,10,1.2903361320495605
47,2054,11,1.2162153720855713
48,2063,12,1.5420162677764893
49,2064,1,1.550539255142212
50,2064,2,1.4047445058822632
51,2064,3,1.1069738864898682
52,2064,4,1.121273398399353
53,2064,5,1.5672354698181152
54,2064,6,1.6881709098815918
55,2064,7,2.3710410594940186
56,2064,8,2.2959587574005127
57,2064,9,2.2235586643218994
58,2064,10,1.6137601137161255
59,2064,11,1.445794939994812
60,2073,12,1.71644127368927
61,2074,1,1.7737088203430176
62,2074,2,1.6074562072753906
63,2074,3,1.290144681930542
64,2074,4,1.3192485570907593
65,2074,5,1.8849049806594849
66,2074,6,1.9584944248199463
67,2074,7,2.7818360328674316
68,2074,8,2.6693482398986816
69,2074,9,2.5678560733795166
70,2074,10,2.0022189617156982
71,2074,11,1.7078955173492432
72,2083,12,1.887932300567627
73,2084,1,2.0912024974823
74,2084,2,1.8380707502365112
75,2084,3,1.4948564767837524
76,2084,4,1.5275077819824219
77,2084,5,2.1167750358581543
78,2084,6,2.230109453201294
79,2084,7,3.394456386566162
80,2084,8,3.2178971767425537
81,2084,9,2.9559407234191895
82,2084,10,2.251408576965332
83,2084,11,1.9002556800842285
