,year,month_number,temperature
0,2023,12,0.6916612982749939
1,2024,1,0.5679165720939636
2,2024,2,0.5814974904060364
3,2024,3,0.4272707402706146
4,2024,4,0.5398755669593811
5,2024,5,0.5562149882316589
6,2024,6,0.6316084861755371
7,2024,7,0.970314621925354
8,2024,8,0.8833451867103577
9,2024,9,0.8824396729469299
10,2024,10,0.5382842421531677
11,2024,11,0.626961886882782
12,2033,12,0.8110843300819397
13,2034,1,0.8326273560523987
14,2034,2,0.7308908104896545
15,2034,3,0.53433758020401
16,2034,4,0.7165037393569946
17,2034,5,0.7998632788658142
18,2034,6,0.7181585431098938
19,2034,7,1.1634578704833984
20,2034,8,1.2370712757110596
21,2034,9,1.1452018022537231
22,2034,10,0.7324011921882629
23,2034,11,0.8046005964279175
24,2043,12,1.0944583415985107
25,2044,1,1.0706706047058105
26,2044,2,0.9963235855102539
27,2044,3,0.7709635496139526
28,2044,4,0.863156795501709
29,2044,5,1.0446386337280273
30,2044,6,0.9925966262817383
31,2044,7,1.4772249460220337
32,2044,8,1.5136812925338745
33,2044,9,1.4765410423278809
34,2044,10,0.95257967710495
35,2044,11,0.9343225955963135
36,2053,12,1.2824369668960571
37,2054,1,1.2508504390716553
38,2054,2,1.1956212520599365
39,2054,3,0.9736219644546509
40,2054,4,1.0195072889328003
41,2054,5,1.3106818199157715
42,2054,6,1.2985440492630005
43,2054,7,1.8504472970962524
44,2054,8,1.8225266933441162
45,2054,9,1.8255598545074463
46,2054,10,1.250361680984497
47,2054,11,1.1824793815612793
48,2063,12,1.5335911512374878
49,2064,1,1.4929609298706055
50,2064,2,1.3772025108337402
51,2064,3,1.0945228338241577
52,2064,4,1.1368507146835327
53,2064,5,1.5225722789764404
54,2064,6,1.626317024230957
55,2064,7,2.2569363117218018
56,2064,8,2.1737401485443115
57,2064,9,2.149758815765381
58,2064,10,1.559295892715454
59,2064,11,1.4131327867507935
60,2073,12,1.7053583860397339
61,2074,1,1.7256487607955933
62,2074,2,1.569766879081726
63,2074,3,1.270853877067566
64,2074,4,1.3883697986602783
65,2074,5,1.8442659378051758
66,2074,6,1.8783421516418457
67,2074,7,2.6481151580810547
68,2074,8,2.5552761554718018
69,2074,9,2.484048843383789
70,2074,10,1.944280982017517
71,2074,11,1.6665791273117065
72,2083,12,1.869518518447876
73,2084,1,2.038853883743286
74,2084,2,1.797703742980957
75,2084,3,1.4867353439331055
76,2084,4,1.693153977394104
77,2084,5,2.0996429920196533
78,2084,6,2.171290636062622
79,2084,7,3.25388503074646
80,2084,8,3.1061928272247314
81,2084,9,2.8743958473205566
82,2084,10,2.196361541748047
83,2084,11,1.873153805732727
