,year,month_number,temperature
0,2023,12,0.6566329002380371
1,2024,1,0.5889689922332764
2,2024,2,0.5895510911941528
3,2024,3,0.3732875883579254
4,2024,4,0.4946250319480896
5,2024,5,0.5536706447601318
6,2024,6,0.6692814826965332
7,2024,7,1.0331577062606812
8,2024,8,1.0002936124801636
9,2024,9,0.9502882361412048
10,2024,10,0.5849167704582214
11,2024,11,0.6359797716140747
12,2033,12,0.7803411483764648
13,2034,1,0.8705074787139893
14,2034,2,0.7412227988243103
15,2034,3,0.472543865442276
16,2034,4,0.6305566430091858
17,2034,5,0.7459440231323242
18,2034,6,0.7622941136360168
19,2034,7,1.2402819395065308
20,2034,8,1.3676081895828247
21,2034,9,1.209155797958374
22,2034,10,0.7977185845375061
23,2034,11,0.8177571892738342
24,2043,12,1.0890376567840576
25,2044,1,1.1393901109695435
26,2044,2,1.0250169038772583
27,2044,3,0.7255851030349731
28,2044,4,0.7612076997756958
29,2044,5,1.0327003002166748
30,2044,6,1.0602715015411377
31,2044,7,1.601248025894165
32,2044,8,1.7264235019683838
33,2044,9,1.5729365348815918
34,2044,10,1.033497929573059
35,2044,11,0.9393150806427002
36,2053,12,1.3026008605957031
37,2054,1,1.3314886093139648
38,2054,2,1.2215402126312256
39,2054,3,0.9607037901878357
40,2054,4,0.9498059749603271
41,2054,5,1.3526232242584229
42,2054,6,1.408124327659607
43,2054,7,2.0383424758911133
44,2054,8,2.0608768463134766
45,2054,9,1.9297418594360352
46,2054,10,1.3265377283096313
47,2054,11,1.219661831855774
48,2063,12,1.5566643476486206
49,2064,1,1.582485318183899
50,2064,2,1.4208277463912964
51,2064,3,1.102299690246582
52,2064,4,1.1211001873016357
53,2064,5,1.6097923517227173
54,2064,6,1.7887367010116577
55,2064,7,2.5183498859405518
56,2064,8,2.444122552871704
57,2064,9,2.298980474472046
58,2064,10,1.6501537561416626
59,2064,11,1.4593968391418457
60,2073,12,1.7306842803955078
61,2074,1,1.791050672531128
62,2074,2,1.6198673248291016
63,2074,3,1.2940620183944702
64,2074,4,1.3264458179473877
65,2074,5,1.922897458076477
66,2074,6,2.0691444873809814
67,2074,7,2.931469440460205
68,2074,8,2.83736252784729
69,2074,9,2.669243574142456
70,2074,10,2.0468075275421143
71,2074,11,1.73125159740448
72,2083,12,1.8923325538635254
73,2084,1,2.0913209915161133
74,2084,2,1.8503440618515015
75,2084,3,1.496129035949707
76,2084,4,1.539817214012146
77,2084,5,2.1229209899902344
78,2084,6,2.385427713394165
79,2084,7,3.576000213623047
80,2084,8,3.3800039291381836
81,2084,9,3.0656068325042725
82,2084,10,2.302067279815674
83,2084,11,1.9177131652832031
