,year,month_number,temperature
0,2023,12,0.6591838002204895
1,2024,1,0.5515297651290894
2,2024,2,0.49419286847114563
3,2024,3,0.47137850522994995
4,2024,4,0.4767998158931732
5,2024,5,0.5305606126785278
6,2024,6,0.5080439448356628
7,2024,7,0.7341154217720032
8,2024,8,0.7817555069923401
9,2024,9,0.7749881148338318
10,2024,10,0.5172054767608643
11,2024,11,0.6224585771560669
12,2033,12,0.7266627550125122
13,2034,1,0.7997362613677979
14,2034,2,0.6112817525863647
15,2034,3,0.6138463616371155
16,2034,4,0.5914767384529114
17,2034,5,0.738644540309906
18,2034,6,0.6171746850013733
19,2034,7,0.8864200711250305
20,2034,8,1.0801938772201538
21,2034,9,0.9953168034553528
22,2034,10,0.6896675825119019
23,2034,11,0.758963406085968
24,2043,12,0.9264343976974487
25,2044,1,1.0025097131729126
26,2044,2,0.825112521648407
27,2044,3,0.8277316093444824
28,2044,4,0.6785373687744141
29,2044,5,0.971442699432373
30,2044,6,0.8443641066551208
31,2044,7,1.1915823221206665
32,2044,8,1.2980793714523315
33,2044,9,1.259541392326355
34,2044,10,0.8543339967727661
35,2044,11,0.8822997808456421
36,2053,12,1.075736165046692
37,2054,1,1.172536849975586
38,2054,2,1.019659161567688
39,2054,3,0.9943776726722717
40,2054,4,0.8198527097702026
41,2054,5,1.2069950103759766
42,2054,6,1.1486891508102417
43,2054,7,1.5351958274841309
44,2054,8,1.5380299091339111
45,2054,9,1.5725493431091309
46,2054,10,1.1095197200775146
47,2054,11,1.052533745765686
48,2063,12,1.2556085586547852
49,2064,1,1.3967673778533936
50,2064,2,1.2074851989746094
51,2064,3,1.067679524421692
52,2064,4,0.923991858959198
53,2064,5,1.3771930932998657
54,2064,6,1.3540165424346924
55,2064,7,1.945536494255066
56,2064,8,1.8308634757995605
57,2064,9,1.9172608852386475
58,2064,10,1.3553829193115234
59,2064,11,1.245410680770874
60,2073,12,1.4242959022521973
61,2074,1,1.6695263385772705
62,2074,2,1.3953825235366821
63,2074,3,1.2461187839508057
64,2074,4,1.10612952709198
65,2074,5,1.6707515716552734
66,2074,6,1.6000392436981201
67,2074,7,2.336214780807495
68,2074,8,2.18253231048584
69,2074,9,2.2777764797210693
70,2074,10,1.7000442743301392
71,2074,11,1.4385303258895874
72,2083,12,1.6204358339309692
73,2084,1,1.9999977350234985
74,2084,2,1.6406526565551758
75,2084,3,1.455791711807251
76,2084,4,1.2750970125198364
77,2084,5,1.9043700695037842
78,2084,6,1.7823128700256348
79,2084,7,2.9120044708251953
80,2084,8,2.6492838859558105
81,2084,9,2.6805684566497803
82,2084,10,1.9534980058670044
83,2084,11,1.6864476203918457
