,year,month_number,temperature
0,2023,12,0.6249186992645264
1,2024,1,0.5871764421463013
2,2024,2,0.49726808071136475
3,2024,3,0.44540920853614807
4,2024,4,0.4393238127231598
5,2024,5,0.5297983288764954
6,2024,6,0.5238093137741089
7,2024,7,0.734122097492218
8,2024,8,0.7961009740829468
9,2024,9,0.7830366492271423
10,2024,10,0.5032473802566528
11,2024,11,0.5937836170196533
12,2033,12,0.7016038298606873
13,2034,1,0.8104884624481201
14,2034,2,0.6031193137168884
15,2034,3,0.5808384418487549
16,2034,4,0.5374991297721863
17,2034,5,0.7198331952095032
18,2034,6,0.5900332927703857
19,2034,7,0.8035585284233093
20,2034,8,1.1028469800949097
21,2034,9,0.9911906123161316
22,2034,10,0.6844983696937561
23,2034,11,0.7413871884346008
24,2043,12,0.9287950992584229
25,2044,1,1.086180329322815
26,2044,2,0.8355230093002319
27,2044,3,0.8040465712547302
28,2044,4,0.6426423192024231
29,2044,5,0.9086512923240662
30,2044,6,0.805842936038971
31,2044,7,1.0966150760650635
32,2044,8,1.3803166151046753
33,2044,9,1.2968045473098755
34,2044,10,0.8629722595214844
35,2044,11,0.8570567965507507
36,2053,12,1.0997180938720703
37,2054,1,1.3002493381500244
38,2054,2,1.0224008560180664
39,2054,3,0.9745574593544006
40,2054,4,0.8052153587341309
41,2054,5,1.1472471952438354
42,2054,6,1.0903249979019165
43,2054,7,1.4126383066177368
44,2054,8,1.6093864440917969
45,2054,9,1.5942648649215698
46,2054,10,1.1152781248092651
47,2054,11,1.0462673902511597
48,2063,12,1.2758370637893677
49,2064,1,1.5725462436676025
50,2064,2,1.2190499305725098
51,2064,3,1.079153060913086
52,2064,4,0.9297937154769897
53,2064,5,1.3844404220581055
54,2064,6,1.3063620328903198
55,2064,7,1.923257827758789
56,2064,8,1.930728554725647
57,2064,9,1.9253326654434204
58,2064,10,1.3719804286956787
59,2064,11,1.2475556135177612
60,2073,12,1.4353235960006714
61,2074,1,1.7804124355316162
62,2074,2,1.4029098749160767
63,2074,3,1.2540379762649536
64,2074,4,1.1144933700561523
65,2074,5,1.6989977359771729
66,2074,6,1.5754024982452393
67,2074,7,2.2869045734405518
68,2074,8,2.2812705039978027
69,2074,9,2.2797296047210693
70,2074,10,1.7071621417999268
71,2074,11,1.457480788230896
72,2083,12,1.6034189462661743
73,2084,1,2.041832447052002
74,2084,2,1.6555134057998657
75,2084,3,1.4793771505355835
76,2084,4,1.3017189502716064
77,2084,5,1.9052355289459229
78,2084,6,1.7975547313690186
79,2084,7,2.9516096115112305
80,2084,8,2.8341338634490967
81,2084,9,2.7011818885803223
82,2084,10,1.9511362314224243
83,2084,11,1.688227891921997
