,year,month_number,temperature
0,2023,12,0.5500364303588867
1,2024,1,0.5616377592086792
2,2024,2,0.5670356154441833
3,2024,3,0.4255185127258301
4,2024,4,0.43861955404281616
5,2024,5,0.5922619104385376
6,2024,6,0.630135178565979
7,2024,7,0.8972769379615784
8,2024,8,0.8754788637161255
9,2024,9,0.8093171119689941
10,2024,10,0.45390650629997253
11,2024,11,0.6347486972808838
12,2033,12,0.6272646188735962
13,2034,1,0.8432952761650085
14,2034,2,0.7501271367073059
15,2034,3,0.5366603136062622
16,2034,4,0.5830040574073792
17,2034,5,0.8015871644020081
18,2034,6,0.7412367463111877
19,2034,7,1.024989366531372
20,2034,8,1.2132363319396973
21,2034,9,1.0443404912948608
22,2034,10,0.6793994307518005
23,2034,11,0.7756280899047852
24,2043,12,0.9203774333000183
25,2044,1,1.0874863862991333
26,2044,2,1.0070929527282715
27,2044,3,0.7507954835891724
28,2044,4,0.7164309024810791
29,2044,5,0.9887169003486633
30,2044,6,1.0386390686035156
31,2044,7,1.3522447347640991
32,2044,8,1.5932519435882568
33,2044,9,1.3428484201431274
34,2044,10,0.8866426348686218
35,2044,11,0.860373318195343
36,2053,12,1.1457411050796509
37,2054,1,1.268494963645935
38,2054,2,1.1784474849700928
39,2054,3,0.9400238990783691
40,2054,4,0.8999830484390259
41,2054,5,1.2614638805389404
42,2054,6,1.3964675664901733
43,2054,7,1.7409173250198364
44,2054,8,1.956337571144104
45,2054,9,1.6782275438308716
46,2054,10,1.1565260887145996
47,2054,11,1.0846190452575684
48,2063,12,1.3603730201721191
49,2064,1,1.5023585557937622
50,2064,2,1.3519408702850342
51,2064,3,1.062978982925415
52,2064,4,1.0350239276885986
53,2064,5,1.555419921875
54,2064,6,1.739140272140503
55,2064,7,2.2903475761413574
56,2064,8,2.4037606716156006
57,2064,9,2.0544016361236572
58,2064,10,1.4932105541229248
59,2064,11,1.3615487813949585
60,2073,12,1.5491985082626343
61,2074,1,1.7165299654006958
62,2074,2,1.551293969154358
63,2074,3,1.2565395832061768
64,2074,4,1.2726720571517944
65,2074,5,1.9364393949508667
66,2074,6,2.042154550552368
67,2074,7,2.723919153213501
68,2074,8,2.7888755798339844
69,2074,9,2.469923257827759
70,2074,10,1.8907549381256104
71,2074,11,1.6475481986999512
72,2083,12,1.6945163011550903
73,2084,1,1.9802829027175903
74,2084,2,1.7785319089889526
75,2084,3,1.4696093797683716
76,2084,4,1.521334171295166
77,2084,5,2.1867074966430664
78,2084,6,2.388827323913574
79,2084,7,3.4319255352020264
80,2084,8,3.3112564086914062
81,2084,9,2.881281852722168
82,2084,10,2.1531314849853516
83,2084,11,1.887790560722351
