,year,month_number,temperature
0,2023,12,0.6577895283699036
1,2024,1,0.6211520433425903
2,2024,2,0.6141248941421509
3,2024,3,0.3683544099330902
4,2024,4,0.5366682410240173
5,2024,5,0.5643256306648254
6,2024,6,0.678480863571167
7,2024,7,1.0320216417312622
8,2024,8,1.0266575813293457
9,2024,9,0.9629479050636292
10,2024,10,0.5775721073150635
11,2024,11,0.6442046761512756
12,2033,12,0.7784523963928223
13,2034,1,0.9084120392799377
14,2034,2,0.7671968340873718
15,2034,3,0.46794572472572327
16,2034,4,0.6992795467376709
17,2034,5,0.7416383624076843
18,2034,6,0.7600124478340149
19,2034,7,1.244783639907837
20,2034,8,1.4009836912155151
21,2034,9,1.2245228290557861
22,2034,10,0.8016738295555115
23,2034,11,0.8251317739486694
24,2043,12,1.0807262659072876
25,2044,1,1.1863192319869995
26,2044,2,1.0494855642318726
27,2044,3,0.7216036915779114
28,2044,4,0.8475069403648376
29,2044,5,1.030795931816101
30,2044,6,1.0559442043304443
31,2044,7,1.6048628091812134
32,2044,8,1.7644720077514648
33,2044,9,1.6030062437057495
34,2044,10,1.0453187227249146
35,2044,11,0.9500647783279419
36,2053,12,1.3054364919662476
37,2054,1,1.374491810798645
38,2054,2,1.2431546449661255
39,2054,3,0.962389349937439
40,2054,4,1.0176851749420166
41,2054,5,1.3536736965179443
42,2054,6,1.4182156324386597
43,2054,7,2.053889513015747
44,2054,8,2.1053786277770996
45,2054,9,1.961656928062439
46,2054,10,1.340202808380127
47,2054,11,1.2400398254394531
48,2063,12,1.5681302547454834
49,2064,1,1.6263751983642578
50,2064,2,1.4414446353912354
51,2064,3,1.1085004806518555
52,2064,4,1.172122597694397
53,2064,5,1.6281636953353882
54,2064,6,1.8151624202728271
55,2064,7,2.5364151000976562
56,2064,8,2.4801204204559326
57,2064,9,2.335181474685669
58,2064,10,1.6623183488845825
59,2064,11,1.4881998300552368
60,2073,12,1.756734848022461
61,2074,1,1.8351904153823853
62,2074,2,1.636000633239746
63,2074,3,1.3047009706497192
64,2074,4,1.4167094230651855
65,2074,5,1.9449912309646606
66,2074,6,2.1056816577911377
67,2074,7,2.952104091644287
68,2074,8,2.8726346492767334
69,2074,9,2.711801767349243
70,2074,10,2.0554304122924805
71,2074,11,1.7667382955551147
72,2083,12,1.9168007373809814
73,2084,1,2.1279571056365967
74,2084,2,1.8638898134231567
75,2084,3,1.5088887214660645
76,2084,4,1.7229617834091187
77,2084,5,2.1482644081115723
78,2084,6,2.4162392616271973
79,2084,7,3.585688829421997
80,2084,8,3.3844072818756104
81,2084,9,3.10459303855896
82,2084,10,2.3165154457092285
83,2084,11,1.9466689825057983
