,year,month_number,temperature
0,2023,12,0.593826949596405
1,2024,1,0.5315902233123779
2,2024,2,0.5574198961257935
3,2024,3,0.4173734188079834
4,2024,4,0.5001749992370605
5,2024,5,0.5806217789649963
6,2024,6,0.5875890254974365
7,2024,7,0.8635584115982056
8,2024,8,0.865365743637085
9,2024,9,0.8574627041816711
10,2024,10,0.46513646841049194
11,2024,11,0.6669993996620178
12,2033,12,0.678105890750885
13,2034,1,0.8042428493499756
14,2034,2,0.7089195847511292
15,2034,3,0.5245463252067566
16,2034,4,0.6616752743721008
17,2034,5,0.8109505772590637
18,2034,6,0.6928696036338806
19,2034,7,1.0220228433609009
20,2034,8,1.1732606887817383
21,2034,9,1.0727542638778687
22,2034,10,0.6669052839279175
23,2034,11,0.8268129825592041
24,2043,12,0.9581987857818604
25,2044,1,1.0551303625106812
26,2044,2,0.9833411574363708
27,2044,3,0.753672182559967
28,2044,4,0.7919049263000488
29,2044,5,1.0309017896652222
30,2044,6,0.9942507147789001
31,2044,7,1.3622770309448242
32,2044,8,1.4536908864974976
33,2044,9,1.3497099876403809
34,2044,10,0.8503146767616272
35,2044,11,0.9129115343093872
36,2053,12,1.1675854921340942
37,2054,1,1.2450757026672363
38,2054,2,1.1869295835494995
39,2054,3,0.9577091336250305
40,2054,4,0.9653235673904419
41,2054,5,1.3052902221679688
42,2054,6,1.3214648962020874
43,2054,7,1.7661336660385132
44,2054,8,1.7923798561096191
45,2054,9,1.6927945613861084
46,2054,10,1.141662836074829
47,2054,11,1.140231966972351
48,2063,12,1.3688995838165283
49,2064,1,1.4742600917816162
50,2064,2,1.3613961935043335
51,2064,3,1.0802189111709595
52,2064,4,1.0927650928497314
53,2064,5,1.5550740957260132
54,2064,6,1.6439872980117798
55,2064,7,2.2668988704681396
56,2064,8,2.1928534507751465
57,2064,9,2.0583336353302
58,2064,10,1.4863802194595337
59,2064,11,1.3913062810897827
60,2073,12,1.5389918088912964
61,2074,1,1.692041039466858
62,2074,2,1.550303339958191
63,2074,3,1.2617597579956055
64,2074,4,1.3267754316329956
65,2074,5,1.909522294998169
66,2074,6,1.946424126625061
67,2074,7,2.686231851577759
68,2074,8,2.6709797382354736
69,2074,9,2.4450550079345703
70,2074,10,1.8878124952316284
71,2074,11,1.658137321472168
72,2083,12,1.678620457649231
73,2084,1,1.9814079999923706
74,2084,2,1.7732375860214233
75,2084,3,1.4722793102264404
76,2084,4,1.5610800981521606
77,2084,5,2.168808937072754
78,2084,6,2.279952049255371
79,2084,7,3.368661403656006
80,2084,8,3.292433261871338
81,2084,9,2.8472838401794434
82,2084,10,2.1476047039031982
83,2084,11,1.9037431478500366
