,year,month_number,temperature
0,2023,12,0.7303783893585205
1,2024,1,0.5560325384140015
2,2024,2,0.5977306365966797
3,2024,3,0.43851590156555176
4,2024,4,0.5505498647689819
5,2024,5,0.5223341584205627
6,2024,6,0.6276335716247559
7,2024,7,0.9438303112983704
8,2024,8,0.8278598785400391
9,2024,9,0.8597472906112671
10,2024,10,0.5252059102058411
11,2024,11,0.6342049241065979
12,2033,12,0.8505053520202637
13,2034,1,0.8046188354492188
14,2034,2,0.7538774609565735
15,2034,3,0.5602450966835022
16,2034,4,0.7175933718681335
17,2034,5,0.7360641360282898
18,2034,6,0.7124373316764832
19,2034,7,1.1083749532699585
20,2034,8,1.1399245262145996
21,2034,9,1.1177719831466675
22,2034,10,0.7109816074371338
23,2034,11,0.7991495728492737
24,2043,12,1.107630968093872
25,2044,1,1.0250917673110962
26,2044,2,1.0069628953933716
27,2044,3,0.7997635006904602
28,2044,4,0.860140323638916
29,2044,5,0.9866774082183838
30,2044,6,0.9604400396347046
31,2044,7,1.4113011360168457
32,2044,8,1.4149304628372192
33,2044,9,1.4275288581848145
34,2044,10,0.9168145060539246
35,2044,11,0.9262613654136658
36,2053,12,1.279305338859558
37,2054,1,1.2119193077087402
38,2054,2,1.1966745853424072
39,2054,3,0.9879984259605408
40,2054,4,1.0097421407699585
41,2054,5,1.252522587776184
42,2054,6,1.2606579065322876
43,2054,7,1.7313710451126099
44,2054,8,1.7010074853897095
45,2054,9,1.7344270944595337
46,2054,10,1.1989147663116455
47,2054,11,1.1451481580734253
48,2063,12,1.5240085124969482
49,2064,1,1.4474257230758667
50,2064,2,1.3514825105667114
51,2064,3,1.0898611545562744
52,2064,4,1.1105828285217285
53,2064,5,1.4518275260925293
54,2064,6,1.5571962594985962
55,2064,7,2.138345241546631
56,2064,8,2.0574231147766113
57,2064,9,2.028794765472412
58,2064,10,1.4813178777694702
59,2064,11,1.3776845932006836
60,2073,12,1.6991568803787231
61,2074,1,1.6985276937484741
62,2074,2,1.541347861289978
63,2074,3,1.2610893249511719
64,2074,4,1.3593366146087646
65,2074,5,1.7497642040252686
66,2074,6,1.804751992225647
67,2074,7,2.514702320098877
68,2074,8,2.430828332901001
69,2074,9,2.3608806133270264
70,2074,10,1.8651857376098633
71,2074,11,1.6226915121078491
72,2083,12,1.8633157014846802
73,2084,1,2.0078961849212646
74,2084,2,1.7590810060501099
75,2084,3,1.4794317483901978
76,2084,4,1.6611167192459106
77,2084,5,1.9698535203933716
78,2084,6,2.1068789958953857
79,2084,7,3.1301965713500977
80,2084,8,2.971766233444214
81,2084,9,2.7604081630706787
82,2084,10,2.1225922107696533
83,2084,11,1.8505611419677734
